1    8    0    60    w1
1    9    0    90    w0
1    10   45   90    w0
1    12   30   60    rest
1    13   30   90    w0
1    15   30   90    w0
1    16   45   120   w0
1    19   0    90    w0
1    20   45   75    w0
2    8    0    60    w0
2    9    0    90    w0
2    10   45   90    w0
2    12   30   50    w1
2    13   30   60    rest
2    15   30   90    w0
3    8    0    60    w0
3    9    0    90    w0
3    10   45   90    w0
3    12   30   50    w0
3    13   30   90    w0
3    15   30   60    rest
4    8    0    60    w0
4    9    0    90    w0
4    10   45   60    rest
4    12   00   60    w0
4    13   30   90    w0
4    15   30   90    w0
5    8    0    60    w0
5    9    0    90    w0
5    10   45   90    w0
5    12   30   50    w0
5    13   30   90    w0
5    15   30   90    w0
