1    8    0    60    w1
1    9    0    210    w0
1    12    30    60    rest
1    13    30    60    w1
1    14    30    210    w0
2    8    0    270    w0
2    12    30    60    w1
2    13    30    60    rest
2    14    30    60    w1
2    15    30    270    w0
3    8    0    60    w0
3    9    0    90    w0
3    10    45    90    w0
3    12    30    50    w0
3    13    30    90    w0
3    15    30    60    rest
4    9    0    90    w0
4    8    0    60    w0
4    10    45    60    w0
4    12    30    50    w0
4    13    30    60    rest
4    15    30    90    w0
5    8    0    60    w0
5    9    0    90    w0
5    10    45    60    rest
5    12    30    50    w0
5    13    30    90    w0
5    15    30    90    w0